2
19127431    
Dang Duy Khang
2001 9 9
19CLC2
0
9.5
9.5
9.5
9.5
2020 4 6 13 30 17 30 -1
2020 4 13 13 30 17 30 -1
2020 4 20 13 30 17 30 -1
2020 4 27 13 30 17 30 -1
2020 5 5 13 30 17 30 -1
2020 5 11 13 30 17 30 -1
2020 5 18 13 30 17 30 -1
2020 5 25 13 30 17 30 -1
2020 6 1 13 30 17 30 -1
2020 6 8 13 30 17 30 -1
1

19127001
Nguyen Vu Duy Khuong
2001 1 1
19CLC2
0
9.5
9.5
9.5
9.5
2020 4 6 13 30 17 30 -1
2020 4 13 13 30 17 30 -1
2020 4 20 13 30 17 30 -1
2020 4 27 13 30 17 30 -1
2020 5 5 9 30 11 30 1
2020 5 11 13 30 17 30 -1
2020 5 18 13 30 17 30 -1
2020 5 25 13 30 17 30 -1
2020 6 1 13 30 17 30 -1
2020 6 8 13 30 17 30 -1
1

