2
19127002
Le Nhat Minh
2001 3 2
19CLC2
0
9.5
9.5
9.5
9.5
2020 4 6 13 30 17 30 -1
2020 4 13 13 30 17 30 -1
2020 4 20 13 30 17 30 -1
2020 4 27 13 30 17 30 -1
2020 5 4 13 30 17 30 -1
2020 5 11 13 30 17 30 -1
2020 5 18 13 30 17 30 -1
2020 5 25 13 30 17 30 -1
2020 6 1 13 30 17 30 -1
2020 6 8 13 30 17 30 -1
1

19127003
Tong Tat Thanh
2001 4 5
19CLC2
0
9.5
9.5
9.5
9.5
2020 4 6 13 30 17 30 -1
2020 4 13 13 30 17 30 -1
2020 4 20 13 30 17 30 -1
2020 4 26 13 30 17 30 -1
2020 5 4 13 30 17 30 -1
2020 5 11 13 30 17 30 -1
2020 5 18 13 30 17 30 -1
2020 5 25 13 30 17 30 -1
2020 6 1 13 30 17 30 -1
2020 6 8 13 30 17 30 -1
1

