2
19127001
Nguyen Vu Duy Khuong
2001 1 1
19CLC2
0
10
10
10
10
2020 4 6 15 30 17 30 -1
2020 4 13 15 30 17 30 -1
2020 4 20 15 30 17 30 -1
2020 4 27 15 30 17 30 -1
2020 5 5 15 30 17 30 -1
2020 5 11 15 30 17 30 -1
2020 5 18 15 30 17 30 -1
2020 5 25 15 30 17 30 -1
2020 6 1 15 30 17 30 -1
2020 6 8 15 30 17 30 -1
1

19127002
Le Nhat Minh
2001 3 2
19CLC2
0
10
10
10
10
2020 4 6 15 30 17 30 -1
2020 4 13 15 30 17 30 -1
2020 4 20 15 30 17 30 -1
2020 4 27 15 30 17 30 -1
2020 5 4 15 30 17 30 -1
2020 5 11 15 30 17 30 -1
2020 5 18 15 30 17 30 -1
2020 5 25 15 30 17 30 -1
2020 6 1 15 30 17 30 -1
2020 6 8 15 30 17 30 -1
1