2
19127431    
Dang Duy Khang
2001 9 9
19CLC2
0
10
10
10
10
2020 4 6 7 30 11 30 -1
2020 4 13 7 30 11 30 -1
2020 4 20 7 30 11 30 -1
2020 4 26 15 30 16 30 1
2020 5 5 7 30 11 30 1
2020 5 11 7 30 11 30 -1
2020 5 18 7 30 11 30 -1
2020 5 25 7 30 11 30 -1
2020 6 1 7 30 11 30 -1
2020 6 8 7 30 11 30 -1
1

19127003
Tong Tat Thanh
2001 4 5
19CLC2
0
10
10
10
10
2020 4 6 7 30 11 30 -1
2020 4 13 7 30 11 30 -1
2020 4 20 7 30 11 30 -1
2020 4 26 7 30 18 30 1
2020 5 4 7 30 11 30 -1
2020 5 11 7 30 11 30 -1
2020 5 18 7 30 11 30 -1
2020 5 25 7 30 11 30 -1
2020 6 1 7 30 11 30 -1
2020 6 8 7 30 11 30 -1
1

